375595
375594
375644
375643
375642
375641
375640
375639
375638
375637
375636
375635
375634
375633
375632
375631
375630
375629
375628
375627
375626
375625
375624
375623
375622
375621
375620
375619
375618
375617
375616
375615
375614
375613
375612
375611
375610
375609
375608
375607
375606
375605
375604
375603
375602
375601
375600
375599
375598
375597
375596
375595
375594
375644
375643
375642
375641
375640
375639
375638
375637
375636
375635
375634
375633
375632
375631
375630
375629
375628
375627
375626
375625
375624
375623
375622
375621
375620
375619
375618
375617
375616
375615
375614
375613
375612
375611
375610




375609




375608




375607




375606




375605




375604




375603




375602




375601




375600




375599




375598




375597




375596




375595




375594






375644




375643




375642




375641




375640




375639




375638




375637




375636




375635




375634




375633




375632




375631




375630




375629




375628




375627




375626




375625




375624




375623




375622




375621




375620




375619




375618




375617




375616




375615




375614




375613




375612




375611




375610




375609




375608




375607




375606




375605




375604




375603




375602




375601




375600




375599




375598




375597




375596




